Gene_LOH	Pvalue	HR	Qvalue	N
fLOH_AAGAB	0.997648942539712	3.14748525949463e-07	0.999561539553054	5
rLOH_AAGAB	0.0324841040040584	4.46197237994693	0.378370906464266	10
fLOH_ABCA9	0.114808717736689	2.86491197565565	0.790428988438957	12
rLOH_ABCA9	0.997825115324102	1.17405460295319e-08	0.999478061477577	11
fLOH_ACAN	0.291075701724768	0.313301779584501	0.996553177197004	15
rLOH_ACAN	0.332191792290234	0.431564095217967	0.960508122086984	12
fLOH_ADAMTS7	NA	NA	NA	0
rLOH_ADAMTS7	0.0062564612741877	5.30122529896905	0.187693838225631	17
fLOH_ADD1	0.99829162819431	7.79874513400898e-07	0.999561539553054	1
rLOH_ADD1	0.722389655675863	1.46141738045575	0.999478061477577	12
fLOH_ADPGK	0.997406387383112	2.79391283236277e-07	0.999561539553054	4
rLOH_ADPGK	0.822921477756194	1.27021570508654	0.999478061477577	12
fLOH_ALDH1A2	0.997727407818999	2.38136622898288e-07	0.999561539553054	3
rLOH_ALDH1A2	0.920574564135425	0.922959189783644	0.999478061477577	14
fLOH_ALG9	0.997935792722046	7.6559656439141e-08	0.999561539553054	5
rLOH_ALG9	0.155586752702548	2.56788442280942	0.739929293171991	13
fLOH_ALOXE3	0.891052439535055	1.11418284025983	0.999561539553054	10
rLOH_ALOXE3	0.203611676186139	0.23972399932754	0.849525981055506	10
fLOH_ALPK2	0.585756203447263	1.79855912379574	0.999561539553054	6
rLOH_ALPK2	0.906665562555345	0.881464907677452	0.999478061477577	11
fLOH_ANKFN1	0.380110597330402	0.397254736920731	0.999561539553054	14
rLOH_ANKFN1	0.997222437627415	2.75560517975708e-08	0.999478061477577	10
fLOH_ANKRD33	0.998262667977308	1.07222130565333e-08	0.999561539553054	11
rLOH_ANKRD33	0.998581127806534	1.32664531162776e-08	0.999478061477577	5
fLOH_APOBEC3F	0.923692221578818	0.903294403889978	0.999561539553054	8
rLOH_APOBEC3F	0.776257181865338	0.785884608524336	0.999478061477577	11
fLOH_APOBEC3H	0.999367224463571	1.44639330842374e-09	0.999561539553054	8
rLOH_APOBEC3H	0.997708941703739	2.99439220456638e-09	0.999478061477577	13
fLOH_ARHGEF28	0.0573887335245006	4.68953581152545	0.522478818697475	8
rLOH_ARHGEF28	0.555145376828426	1.59291642484051	0.999478061477577	13
fLOH_ASPSCR1	0.586887781320515	0.561838297873053	0.999561539553054	11
rLOH_ASPSCR1	0.519864542079175	0.515380690974039	0.999478061477577	12
fLOH_ATP5S	0.99694529815954	1.99085297191505e-08	0.999561539553054	13
rLOH_ATP5S	0.00229255235858088	9.01989848454361	0.120440589140257	5
fLOH_B4GALNT2	0.99813938902351	2.12486050515652e-06	0.999561539553054	3
rLOH_B4GALNT2	0.787314570416206	1.33221939013789	0.999478061477577	11
fLOH_BBOF1	0.443203662882226	0.425871278353536	0.999561539553054	12
rLOH_BBOF1	0.466224038308939	2.21211915692252	0.999478061477577	6
fLOH_BIVM-ERCC5	0.0575612257887049	3.53576585180645	0.522478818697475	12
rLOH_BIVM-ERCC5	0.245053431084257	3.44077583650995	0.946604249325915	5
fLOH_BPIFC	0.831732065384933	1.25555874794694	0.999561539553054	5
rLOH_BPIFC	0.397566375694285	0.40049663166894	0.991543941221152	11
fLOH_BRCA1	0.122728946569309	3.62409267492008	0.797074023574609	9
rLOH_BRCA1	0.696118294841263	0.734805062637685	0.999478061477577	19
fLOH_C17orf74	0.629819086407289	1.48187702675273	0.999561539553054	13
rLOH_C17orf74	0.571182891938114	1.46605965843256	0.999478061477577	22
fLOH_C3orf20	0.290894027246196	2.25137025425618	0.996553177197004	12
rLOH_C3orf20	0.997217040897521	1.00705109721907e-08	0.999478061477577	16
fLOH_C9orf84	0.0298407713685865	0.0804974984598048	0.408801238543957	13
rLOH_C9orf84	0.885677491624917	1.16512499852472	0.999478061477577	13
fLOH_CAMKK1	0.504237993199084	1.70813874015985	0.999561539553054	17
rLOH_CAMKK1	0.264260352936818	2.49355706975715	0.946604249325915	16
fLOH_CAMKK2	0.264671350841662	3.26673999105828	0.996553177197004	4
rLOH_CAMKK2	0.921328406313745	1.11053355762955	0.999478061477577	10
fLOH_CARD14	0.363435900680002	2.72542779501268	0.999561539553054	7
rLOH_CARD14	0.0258966072166247	4.78030497091187	0.348635079592208	14
fLOH_CCDC125	0.997269475361976	1.01147881907664e-07	0.999561539553054	6
rLOH_CCDC125	0.272922028702694	2.40299012868321	0.953493574090414	13
fLOH_CCDC137	0.997620596996564	3.92596429870541e-08	0.999561539553054	8
rLOH_CCDC137	0.322466243297129	2.18313488060062	0.960508122086984	12
fLOH_CDAN1	0.0709875725650048	3.55609236176747	0.577691969839349	10
rLOH_CDAN1	0.885001003294034	1.16476077180181	0.999478061477577	9
fLOH_CEP120	0.997843762003972	1.00688349500289e-07	0.999561539553054	7
rLOH_CEP120	0.955130655868	1.06178806511722	0.999478061477577	10
fLOH_CHAF1A	0.688389224464725	1.54589286341935	0.999561539553054	10
rLOH_CHAF1A	0.0165093619397088	20.7484478944844	0.282953711679264	3
fLOH_CISD3	0.572819425379758	1.54764769101612	0.999561539553054	12
rLOH_CISD3	0.998074640738095	3.96872146695328e-08	0.999478061477577	5
fLOH_CMYA5	0.997191744471226	7.75915950739319e-08	0.999561539553054	8
rLOH_CMYA5	0.00372506362699204	8.24880899095113	0.149002545079682	11
fLOH_CNTRL	0.997595851457415	7.63624037981987e-08	0.999561539553054	6
rLOH_CNTRL	0.308495210311719	0.416787423705596	0.953493574090414	11
fLOH_COASY	0.529532087019338	1.9602657932356	0.999561539553054	7
rLOH_COASY	0.0579044428365172	3.16986680932981	0.406517008038673	16
fLOH_COL27A1	0.997924640146027	3.62310594492618e-08	0.999561539553054	11
rLOH_COL27A1	0.139607011635943	3.268429569834	0.727818639074073	6
fLOH_CSHL1	0.396477280411365	1.94309749029388	0.999561539553054	15
rLOH_CSHL1	0.998086747302837	3.58256618896377e-08	0.999478061477577	9
fLOH_CSPG5	0.50968539599076	2.06642936837337	0.999561539553054	11
rLOH_CSPG5	0.0349527139954382	5.50354862400948	0.378370906464266	10
fLOH_CTSB	0.277725551289982	3.31449663703596	0.996553177197004	6
rLOH_CTSB	0.435673478155089	1.83033610415788	0.999478061477577	11
fLOH_CUEDC1	0.998043004385755	2.9893643667368e-08	0.999561539553054	7
rLOH_CUEDC1	0.745854311879935	0.779412353474371	0.999478061477577	11
fLOH_CYB5D1	0.997847062021971	5.24311156890331e-09	0.999561539553054	8
rLOH_CYB5D1	0.169627822679666	2.5240623958653	0.753564827340176	13
fLOH_CYP2C9	0.999462292430815	8.50102809750292e-09	0.999561539553054	3
rLOH_CYP2C9	0.996807125524059	5.4585979609142e-09	0.999478061477577	11
fLOH_DNAH2	0.181128157597759	0.293185380925603	0.903425670310079	12
rLOH_DNAH2	0.523498961718835	0.589648982707167	0.999478061477577	15
fLOH_DUOX1	0.349249142289279	0.345795972084164	0.999561539553054	12
rLOH_DUOX1	0.0592837303389732	3.51482736954367	0.406517008038673	12
fLOH_DUSP13	0.280472281388489	3.2387351276138	0.996553177197004	4
rLOH_DUSP13	0.542887383454724	1.91872721622076	0.999478061477577	11
fLOH_DYX1C1	0.000472995668084733	11.039336089479	0.0498591740113269	10
rLOH_DYX1C1	0.260808704366834	2.99551273750266	0.946604249325915	11
fLOH_EFHB	0.470052156207311	2.16970706692757	0.999561539553054	7
rLOH_EFHB	0.852075376525629	1.15676725831842	0.999478061477577	13
fLOH_EML1	0.99762249066068	3.61040038996803e-08	0.999561539553054	10
rLOH_EML1	0.760319558223249	1.38805630104273	0.999478061477577	8
fLOH_ENO3	0.885517770311568	1.16431773465139	0.999561539553054	13
rLOH_ENO3	0.727169177797797	1.30289715211926	0.999478061477577	14
fLOH_EPB41L4A	0.613856795464662	1.72338977577054	0.999561539553054	11
rLOH_EPB41L4A	0.99748117483637	5.12788801452334e-08	0.999478061477577	8
fLOH_EPN3	0.70848775276911	0.673403996168304	0.999561539553054	11
rLOH_EPN3	0.563159998857852	0.542873577597872	0.999478061477577	9
fLOH_EPSTI1	0.284611552850849	2.05700526087847	0.996553177197004	8
rLOH_EPSTI1	0.737284723739	1.42700185816395	0.999478061477577	10
fLOH_EPX	0.653271004794508	0.620316630553711	0.999561539553054	10
rLOH_EPX	0.364508235573004	0.385414788202219	0.972021961528011	18
fLOH_ERBB2	0.935329060344576	1.09095770786254	0.999561539553054	12
rLOH_ERBB2	0.0336287084006015	4.6211893689324	0.378370906464266	13
fLOH_FAM114A2	0.265219386263166	2.52219466126926	0.996553177197004	12
rLOH_FAM114A2	0.153053409473939	3.09259101976703	0.739929293171991	11
fLOH_FAM118A	0.165811864422576	3.06111333946933	0.869591111193954	11
rLOH_FAM118A	0.642437987026402	1.64389641743688	0.999478061477577	9
fLOH_FAM160A2	0.0422825867165008	4.91340174061379	0.453576839322463	5
rLOH_FAM160A2	0.379309835016986	2.01177234046829	0.991543941221152	10
fLOH_FAM170A	0.997994497567437	3.54329765775716e-08	0.999561539553054	5
rLOH_FAM170A	0.894881052058316	0.866159635564705	0.999478061477577	11
fLOH_FAM20A	0.66612556209674	1.41908408131268	0.999561539553054	9
rLOH_FAM20A	0.480341761253962	2.16392838122508	0.999478061477577	12
fLOH_FAM83F	0.0166204817117296	7.53009402610615	0.280173834569156	5
rLOH_FAM83F	0.997533138014304	8.93398979183733e-09	0.999478061477577	12
fLOH_FBF1	0.198479635092479	2.09281838799527	0.936823877636501	12
rLOH_FBF1	0.9547204284783	1.06178251905831	0.999478061477577	12
fLOH_FBN2	0.388622981023428	2.68083681264172	0.999561539553054	8
rLOH_FBN2	0.326801622486799	1.94278317069252	0.960508122086984	18
fLOH_FGFR4	0.997417445364815	2.34059715538493e-07	0.999561539553054	2
rLOH_FGFR4	0.702929187607635	1.27547535591981	0.999478061477577	11
fLOH_FLNB	0.958467957272961	0.959623000542386	0.999561539553054	10
rLOH_FLNB	0.251770649249863	2.27092166474834	0.946604249325915	10
fLOH_FOXA1	0.997127040781412	7.05005705303261e-09	0.999561539553054	6
rLOH_FOXA1	0.0410324466306814	5.3012137301973	0.378370906464266	11
fLOH_FTSJ3	0.997803097323716	3.89545919778152e-08	0.999561539553054	10
rLOH_FTSJ3	0.124635378337452	2.70623441789285	0.69563932095322	16
fLOH_FYCO1	0.750369881406818	0.705456268954002	0.999561539553054	11
rLOH_FYCO1	0.478934543701102	1.74978321177663	0.999478061477577	10
fLOH_GABRP	0.162011574987497	2.55587728777236	0.869591111193954	11
rLOH_GABRP	0.0468464261204399	9.20771914662315	0.378370906464266	6
fLOH_GAL3ST1	0.678435341027064	0.683645698206641	0.999561539553054	5
rLOH_GAL3ST1	0.776514881502127	0.784383373902874	0.999478061477577	10
fLOH_GALC	0.99782646265084	5.31563992957441e-08	0.999561539553054	4
rLOH_GALC	0.894201260868224	1.14908489041068	0.999478061477577	10
fLOH_GBE1	0.997961077239503	1.17111072565541e-07	0.999561539553054	3
rLOH_GBE1	0.147379783396637	3.19367563623279	0.736898916983185	10
fLOH_GEMIN4	0.161078119596962	0.222494254117154	0.869591111193954	13
rLOH_GEMIN4	0.970181019059616	0.975980631840857	0.999478061477577	21
fLOH_GEMIN5	0.279740654073971	2.28085711142738	0.996553177197004	10
rLOH_GEMIN5	0.998059952384617	2.87312099268141e-07	0.999478061477577	2
fLOH_GLDN	0.997239361271899	9.40371597542719e-08	0.999561539553054	5
rLOH_GLDN	0.940056455472691	1.06203679752268	0.999478061477577	10
fLOH_GNL3	0.512583010405984	0.493063723236573	0.999561539553054	15
rLOH_GNL3	0.997608172918977	2.82180586309292e-08	0.999478061477577	10
fLOH_GPAM	0.698310908647615	0.666109384020121	0.999561539553054	12
rLOH_GPAM	0.441890639424257	0.428418726129189	0.999478061477577	10
fLOH_GRIN3A	0.846927145599996	1.22697987767231	0.999561539553054	15
rLOH_GRIN3A	0.0516160965023157	3.29650343071949	0.378370906464266	15
fLOH_GRK4	0.997933239057154	5.90510438401332e-08	0.999561539553054	9
rLOH_GRK4	0.044518501916777	4.11785777865799	0.378370906464266	12
fLOH_GSDMA	0.301104204312306	0.340106398934694	0.999561539553054	19
rLOH_GSDMA	0.474729172268211	1.61476297413783	0.999478061477577	18
fLOH_GSDMB	0.998089285629653	4.28219344246904e-08	0.999561539553054	4
rLOH_GSDMB	0.0966295187973894	3.71288388243172	0.579777112784336	13
fLOH_GSTZ1	0.609829433033971	0.581191424655431	0.999561539553054	15
rLOH_GSTZ1	0.135893310364809	0.18476302790366	0.727818639074073	12
fLOH_HAP1	0.330028218099589	2.82881328057454	0.999561539553054	6
rLOH_HAP1	0.399114465419259	1.90885563442146	0.991543941221152	12
fLOH_HELZ	0.929754127942668	1.07200887630146	0.999561539553054	10
rLOH_HELZ	0.868268967073603	1.19927610179578	0.999478061477577	10
fLOH_HSF5	0.958730437862682	0.946637684569948	0.999561539553054	12
rLOH_HSF5	0.99742229300429	1.85252165284667e-08	0.999478061477577	10
fLOH_HSPB9	0.334219566186716	2.89458109455152	0.999561539553054	8
rLOH_HSPB9	0.514494142441723	1.66957790515948	0.999478061477577	12
fLOH_HYLS1	0.997946121630059	3.74018919533602e-08	0.999561539553054	6
rLOH_HYLS1	0.665643201511953	1.5822234346768	0.999478061477577	10
fLOH_IPO4	0.83439945709475	1.24785113441461	0.999561539553054	8
rLOH_IPO4	0.0261476309694156	4.01518385278721	0.348635079592208	15
fLOH_ISM2	0.0163118845885497	4.57182602057489	0.280173834569156	11
rLOH_ISM2	0.997325107427666	1.38346026175343e-07	0.999478061477577	6
fLOH_ITGA2B	0.889885686406385	0.85569005351637	0.999561539553054	7
rLOH_ITGA2B	0.116652851073374	0.171919618052943	0.670343964524669	19
fLOH_ITGA9	0.515566666202238	0.483502913236946	0.999561539553054	13
rLOH_ITGA9	0.0682133195950524	3.131189066076	0.454755463967016	17
fLOH_ITGAE	0.797520688609585	0.76123124296264	0.999561539553054	15
rLOH_ITGAE	0.262777949384466	0.449699653214585	0.946604249325915	13
fLOH_ITGB4	0.998400354956537	9.36064459072298e-09	0.999561539553054	9
rLOH_ITGB4	0.998312127173017	1.09917610890356e-08	0.999478061477577	11
fLOH_ITIH1	0.747787041696858	0.70234503062854	0.999561539553054	10
rLOH_ITIH1	0.99753464554034	2.80699656808808e-08	0.999478061477577	9
fLOH_ITIH4	0.362166964989394	2.11657777776706	0.999561539553054	10
rLOH_ITIH4	0.845079424890853	1.23150010981856	0.999478061477577	7
fLOH_JAML	0.363527809377744	0.370124849265053	0.999561539553054	8
rLOH_JAML	0.0219251991611855	5.40566293890979	0.328877987417782	11
fLOH_KANSL2	0.997334450913893	3.70104085001946e-08	0.999561539553054	10
rLOH_KANSL2	0.454849024843268	2.25751430294511	0.999478061477577	5
fLOH_KIF15	0.0644962480714371	4.8330652301061	0.563744983142932	12
rLOH_KIF15	8.41934280094584e-05	12.4136633558802	0.02020642272227	8
fLOH_KIF9	0.997753873878447	1.00945729802627e-08	0.999561539553054	12
rLOH_KIF9	0.017684606979954	4.38123610912357	0.282953711679264	12
fLOH_KRT35	0.818989431880898	1.20838291576022	0.999561539553054	18
rLOH_KRT35	0.0899898668059	2.24815359840809	0.553783795728615	29
fLOH_KRT36	0.842202466009651	0.804815747398	0.999561539553054	14
rLOH_KRT36	0.604293339645873	1.41839980961435	0.999478061477577	20
fLOH_KRT38	NA	NA	NA	0
rLOH_KRT38	0.763592056331272	1.25944095714003	0.999478061477577	17
fLOH_KRT72	0.997785690530171	1.03893798687011e-08	0.999561539553054	14
rLOH_KRT72	0.491667680563542	0.460784163433487	0.999478061477577	8
fLOH_KRT74	0.311598736163767	2.21250346218677	0.999561539553054	11
rLOH_KRT74	0.998150361066816	4.55001463859364e-08	0.999478061477577	5
fLOH_KRT82	0.677241169465512	1.56005435376835	0.999561539553054	7
rLOH_KRT82	0.289855628128407	2.28539031944721	0.953493574090414	10
fLOH_KRTAP4-8	0.9974974901507	7.72747131256712e-08	0.999561539553054	3
rLOH_KRTAP4-8	0.613389259923515	0.682543701563705	0.999478061477577	20
fLOH_LAMC3	0.162632921889371	2.62391187242598	0.869591111193954	12
rLOH_LAMC3	0.536474090215627	0.592696184920262	0.999478061477577	14
fLOH_LGALS3	0.819255061726507	1.17387251364011	0.999561539553054	13
rLOH_LGALS3	0.997608235479345	1.4360776542932e-08	0.999478061477577	15
fLOH_MAP3K1	0.0675729186432422	4.36975276614422	0.569543171421613	9
rLOH_MAP3K1	0.997108647413503	4.05686865967131e-08	0.999478061477577	11
fLOH_MAP4	0.117224638115947	2.78388045175045	0.790428988438957	15
rLOH_MAP4	0.592645371277547	0.550110765892777	0.999478061477577	10
fLOH_MARCH10	0.997820253568231	1.03307720557626e-08	0.999561539553054	13
rLOH_MARCH10	0.401415652112574	0.53091487960597	0.991543941221152	20
fLOH_ME3	0.997789490451052	8.32206008236479e-09	0.999561539553054	11
rLOH_ME3	0.999478061477577	4.4248045334016e-09	0.999478061477577	3
fLOH_MFF	0.0476889729525904	9.08514023939134	0.468941567367139	2
rLOH_MFF	0.483499589613801	1.75959935350653	0.999478061477577	13
fLOH_MINK1	0.876555447218009	1.17796955430769	0.999561539553054	10
rLOH_MINK1	0.453881939618501	1.78603521452803	0.999478061477577	12
fLOH_MON2	0.00172260162771437	12.465559078967	0.101633496035148	3
rLOH_MON2	0.822597403926834	1.21567464971122	0.999478061477577	12
fLOH_MRPL10	0.468051617923808	2.18356349044823	0.999561539553054	8
rLOH_MRPL10	0.0346105236354928	4.40873267869439	0.378370906464266	12
fLOH_MRPS7	0.453794760027222	0.455768653341328	0.999561539553054	11
rLOH_MRPS7	0.399210890102436	1.943617274637	0.991543941221152	12
fLOH_MTMR4	0.968762263896272	0.970625485646903	0.999561539553054	15
rLOH_MTMR4	0.997275659030106	3.01650220629739e-08	0.999478061477577	13
fLOH_MTUS2	0.997452445260122	1.81935087393739e-08	0.999561539553054	5
rLOH_MTUS2	0.462592983121965	0.44855072408833	0.999478061477577	10
fLOH_MUS81	0.998112153148421	1.75928260910847e-06	0.999561539553054	1
rLOH_MUS81	0.784608371043227	1.34081054770826	0.999478061477577	11
fLOH_MYH13	0.00063380305946602	8.72844941322672	0.0498591740113269	13
rLOH_MYH13	0.997746784411026	3.90354065991493e-08	0.999478061477577	8
fLOH_MYH4	0.0885207009678392	3.20682559893923	0.673899529948711	13
rLOH_MYH4	0.520842144758016	1.55323464349361	0.999478061477577	12
fLOH_MYO15A	0.999283668496849	1.36309646618521e-09	0.999561539553054	9
rLOH_MYO15A	0.997893423074375	3.00441075381929e-09	0.999478061477577	13
fLOH_MYO18A	0.997276675607451	1.10130533971287e-07	0.999561539553054	8
rLOH_MYO18A	0.174350124908839	2.81757514284444	0.753564827340176	11
fLOH_MYOM3	0.105074555186699	3.63967708120691	0.774924844501905	11
rLOH_MYOM3	0.785227060978705	0.750459158491619	0.999478061477577	10
fLOH_NBR1	0.262875325120144	3.38669448668559	0.996553177197004	4
rLOH_NBR1	0.735348825719558	0.696350822618181	0.999478061477577	13
fLOH_NDUFA6	0.614848025767667	0.561548995804101	0.999561539553054	5
rLOH_NDUFA6	0.217183234039983	2.74281671295431	0.868732936159932	13
fLOH_NDUFAF1	0.0124332573211491	42.6924868678793	0.266749884344653	1
rLOH_NDUFAF1	0.565889430633526	1.47436559109721	0.999478061477577	12
fLOH_NEK4	0.554670213230271	1.64988920936706	0.999561539553054	12
rLOH_NEK4	0.997600526322888	3.15897334624162e-08	0.999478061477577	11
fLOH_NEK9	0.997948502698321	3.70243191598882e-08	0.999561539553054	8
rLOH_NEK9	0.850881395450621	1.1767116808489	0.999478061477577	12
fLOH_NEURL4	0.998091564024541	9.98713191768951e-09	0.999561539553054	15
rLOH_NEURL4	0.999378053361616	8.2472490776335e-09	0.999478061477577	4
fLOH_NIPSNAP3A	0.183747593961372	3.02564267844005	0.903425670310079	14
rLOH_NIPSNAP3A	0.0492588683882995	5.93525549883945	0.378370906464266	5
fLOH_NOP9	0.600396579847527	1.75641608655699	0.999561539553054	7
rLOH_NOP9	0.685636281057156	0.716560819756801	0.999478061477577	13
fLOH_OGFOD3	0.997720253371318	1.08415807971783e-08	0.999561539553054	14
rLOH_OGFOD3	0.556884213289087	1.4793200834985	0.999478061477577	16
fLOH_OR10A2	0.999561539553054	4.09943684074595e-09	0.999561539553054	3
rLOH_OR10A2	0.997576397579988	9.23689923332417e-09	0.999478061477577	10
fLOH_OR13C2	NA	NA	NA	0
rLOH_OR13C2	0.997966595160868	1.49390121261111e-08	0.999478061477577	10
fLOH_OR13F1	0.830356633566723	1.25468988143685	0.999561539553054	13
rLOH_OR13F1	0.313858301471428	2.96540480483047	0.953493574090414	5
fLOH_OR1A1	0.414982122870265	1.52230023132006	0.999561539553054	22
rLOH_OR1A1	0.996960936149668	3.64571447350806e-08	0.999478061477577	15
fLOH_OR1A2	0.997592285589222	6.44771173577397e-08	0.999561539553054	7
rLOH_OR1A2	0.00444571844408625	4.92611371187879	0.152424632368671	22
fLOH_OR1N2	0.213607376697894	2.24314773456588	0.969448863475057	13
rLOH_OR1N2	0.997992982601053	2.9497345675482e-08	0.999478061477577	5
fLOH_OR3A1	0.9318088872945	1.10003787956521	0.999561539553054	5
rLOH_OR3A1	0.205302112088414	2.01985819518314	0.849525981055506	26
fLOH_OR4D1	0.740714696261376	1.41158435255931	0.999561539553054	8
rLOH_OR4D1	0.985046508735204	1.01493783988995	0.999478061477577	19
fLOH_OR4D2	0.586921929278163	1.79372669616663	0.999561539553054	9
rLOH_OR4D2	0.974279971845342	0.974556794410412	0.999478061477577	14
fLOH_OR51B6	0.609229287367566	0.560677199648006	0.999561539553054	9
rLOH_OR51B6	0.948525609279601	0.934231369305303	0.999478061477577	12
fLOH_OR52R1	0.287779061056669	2.48801345602827	0.996553177197004	5
rLOH_OR52R1	0.0718001766236205	3.06028725912749	0.465730875396457	15
fLOH_OR6C74	0.0292397863094475	5.97472408431168	0.408801238543957	6
rLOH_OR6C74	0.533928641098528	1.93542682768327	0.999478061477577	10
fLOH_PARP4	0.79923724355217	1.18718733369446	0.999561539553054	12
rLOH_PARP4	0.997522476940554	1.60760097803593e-08	0.999478061477577	4
fLOH_PATE1	0.997023876136595	9.59559536526786e-09	0.999561539553054	8
rLOH_PATE1	0.311830743288195	2.18746974245331	0.953493574090414	11
fLOH_PCDHA1	0.998133145503903	4.22247260729227e-08	0.999561539553054	10
rLOH_PCDHA1	0.288518244248423	1.95445620228289	0.953493574090414	16
fLOH_PCDHA3	0.371073085079651	2.69926828375494	0.999561539553054	11
rLOH_PCDHA3	0.343502779661414	1.81484043758031	0.960508122086984	20
fLOH_PCDHA4	0.997298784278621	1.01393853660177e-07	0.999561539553054	3
rLOH_PCDHA4	0.017210519369117	4.24458016697591	0.282953711679264	13
fLOH_PCDHB16	0.291365123841497	2.28360845408658	0.996553177197004	7
rLOH_PCDHB16	0.912514308061214	0.889943159778005	0.999478061477577	10
fLOH_PCDHGA3	0.997774208228343	1.22074337136052e-07	0.999561539553054	5
rLOH_PCDHGA3	0.0516524470937155	3.63753713813462	0.378370906464266	12
fLOH_PEMT	0.998037161739139	2.99801057109739e-07	0.999561539553054	3
rLOH_PEMT	0.295654662680174	3.13588200546668	0.953493574090414	11
fLOH_PGPEP1L	0.0070236252722867	9.33518033728103	0.165757556425966	6
rLOH_PGPEP1L	0.0020806273212459	8.23577474794765	0.120440589140257	11
fLOH_PKD2L1	0.984796429414602	0.980150207471989	0.999561539553054	10
rLOH_PKD2L1	0.99781889647121	6.95982883268678e-09	0.999478061477577	9
fLOH_PLPP7	0.9975456888714	2.16034855724324e-07	0.999561539553054	1
rLOH_PLPP7	0.415761935592469	1.91036892256471	0.997828645421926	11
fLOH_PMFBP1	0.968505762545011	1.04296560323455	0.999561539553054	10
rLOH_PMFBP1	0.669727174821986	0.634568181679386	0.999478061477577	7
fLOH_POLG2	0.99749185125405	8.98525185335592e-08	0.999561539553054	7
rLOH_POLG2	0.482719889586875	0.478617730036255	0.999478061477577	10
fLOH_POLL	0.361141081706253	2.00492415360582	0.999561539553054	11
rLOH_POLL	0.997758857532604	3.75791547405976e-08	0.999478061477577	3
fLOH_PPIC	0.601635616414979	1.76199958941879	0.999561539553054	10
rLOH_PPIC	0.0490448924873295	3.96482390216716	0.378370906464266	9
fLOH_PRSS48	0.882615796742506	0.850193620970385	0.999561539553054	8
rLOH_PRSS48	0.249755705605929	0.266169398848772	0.946604249325915	11
fLOH_PRUNE2	0.998020014398166	1.11191716861212e-07	0.999561539553054	3
rLOH_PRUNE2	0.340253350032993	2.09909578120237	0.960508122086984	13
fLOH_PSMB7	0.146666234077236	0.193303026837235	0.865307233176431	11
rLOH_PSMB7	0.646476293798575	0.611126977053092	0.999478061477577	11
fLOH_PSMD9	0.998209286335122	3.76262936518506e-07	0.999561539553054	3
rLOH_PSMD9	0.31249374003133	2.21728492602139	0.953493574090414	14
fLOH_PTPN3	0.877168538825224	1.1830797085866	0.999561539553054	7
rLOH_PTPN3	0.209649432504456	0.241471682628322	0.852811250865584	11
fLOH_PTPRB	0.996967475970196	2.31903021997545e-08	0.999561539553054	6
rLOH_PTPRB	0.881373294476477	1.17357989966392	0.999478061477577	10
fLOH_PXK	0.54704244405095	1.59911391920827	0.999561539553054	13
rLOH_PXK	0.997379438660819	3.53121844110116e-08	0.999478061477577	8
fLOH_QRICH2	0.271022848468216	2.09616365169788	0.996553177197004	15
rLOH_QRICH2	0.955376527948291	1.06017467363676	0.999478061477577	13
fLOH_R3HCC1	0.285927386444557	3.13971191887486	0.996553177197004	7
rLOH_R3HCC1	0.0443139220653179	0.0995964438092466	0.378370906464266	11
fLOH_RAD18	0.997560807470158	4.30181917577344e-08	0.999561539553054	10
rLOH_RAD18	0.00987436325390904	5.76989924331539	0.217926147879468	8
fLOH_RAP1GAP2	0.339248232821768	2.77601921966877	0.999561539553054	6
rLOH_RAP1GAP2	0.0407392157600003	5.97767434476003	0.378370906464266	12
fLOH_RELL2	0.0474230821987231	4.10224478075998	0.468941567367139	10
rLOH_RELL2	0.998100689289506	5.58035832541729e-08	0.999478061477577	5
fLOH_RFPL1	0.193397550430859	4.17693746921368	0.931465753095566	3
rLOH_RFPL1	0.682817251172014	0.648603530041158	0.999478061477577	10
fLOH_RGL4	0.150328798984041	2.84024894698686	0.865307233176431	10
rLOH_RGL4	0.514736388667348	0.486797103404224	0.999478061477577	9
fLOH_RNF186	0.997470790987003	1.13640489786141e-07	0.999561539553054	2
rLOH_RNF186	0.165736262504179	0.209053155219177	0.750503830207603	11
fLOH_RPS6KL1	0.403988135193216	0.407485051864663	0.999561539553054	11
rLOH_RPS6KL1	0.567026963783673	1.58324571121204	0.999478061477577	11
fLOH_RRP7A	0.99756670357011	1.98205625119309e-07	0.999561539553054	3
rLOH_RRP7A	0.0107467116155641	4.86333830370341	0.217926147879468	12
fLOH_RSAD1	0.0341777318517967	4.41913506341088	0.424523406159159	9
rLOH_RSAD1	0.361748902052859	1.83988724080833	0.972021961528011	11
fLOH_S100Z	0.114034734243442	2.93070243730468	0.790428988438957	11
rLOH_S100Z	0.997926570108962	9.24321684266264e-09	0.999478061477577	6
fLOH_SCAI	0.230148410500133	2.59781824700593	0.996553177197004	10
rLOH_SCAI	0.3513359021814	2.68800187335402	0.960508122086984	8
fLOH_SCFD1	0.252491516408695	2.45859148885169	0.996553177197004	6
rLOH_SCFD1	0.385680516259852	0.389387996403946	0.991543941221152	11
fLOH_SEC14L4	0.424081759426833	2.37194831545769	0.999561539553054	6
rLOH_SEC14L4	0.868373722989397	1.13427418129878	0.999478061477577	10
fLOH_SGSM2	0.124964995221443	3.57482000061786	0.797074023574609	12
rLOH_SGSM2	0.536353568340604	1.56357172632327	0.999478061477577	21
fLOH_SH2D3C	0.000581942124091723	17.2985780310885	0.0498591740113269	7
rLOH_SH2D3C	0.0520259996388366	3.83885090638837	0.378370906464266	13
fLOH_SH3RF2	0.726167518041135	1.35991114706454	0.999561539553054	7
rLOH_SH3RF2	0.997102890219366	4.05170981321443e-08	0.999478061477577	10
fLOH_SKAP1	0.0744505974949672	3.48260184079593	0.585678033627075	17
rLOH_SKAP1	0.175831793046041	2.54343010427867	0.753564827340176	13
fLOH_SLC16A6	0.664578967832076	1.41429947916381	0.999561539553054	11
rLOH_SLC16A6	0.746677008125502	1.4103418774254	0.999478061477577	8
fLOH_SLC26A6	0.997896635377404	1.22263198342772e-08	0.999561539553054	1
rLOH_SLC26A6	0.352186311431894	2.03676950520429	0.960508122086984	11
fLOH_SLC28A1	0.666622229044988	1.57838402420585	0.999561539553054	11
rLOH_SLC28A1	0.0471939090117947	5.55705388336708	0.378370906464266	4
fLOH_SLC35G6	0.480740608069629	2.13140163250949	0.999561539553054	9
rLOH_SLC35G6	0.925914502066568	0.940446443763116	0.999478061477577	17
fLOH_SLC52A1	0.997214671986448	8.56173533778832e-08	0.999561539553054	5
rLOH_SLC52A1	0.285682220765202	1.87721336201025	0.953493574090414	14
fLOH_SLFN5	0.0152228556072281	4.50558085475226	0.280173834569156	14
rLOH_SLFN5	0.670637882268201	0.636000019109768	0.999478061477577	10
fLOH_SMCR8	0.678296306893792	0.642180017073285	0.999561539553054	10
rLOH_SMCR8	0.349144848159545	0.457560328433708	0.960508122086984	16
fLOH_SPATA19	0.543660836133295	1.90664567557353	0.999561539553054	5
rLOH_SPATA19	0.407923978373611	1.91151081635798	0.991543941221152	11
fLOH_SPECC1	0.998773551728948	3.90665364756963e-09	0.999561539553054	10
rLOH_SPECC1	0.998016669019627	1.02779278915807e-08	0.999478061477577	7
fLOH_SPG11	0.997915037111314	8.99052540204878e-09	0.999561539553054	7
rLOH_SPG11	0.161911404594589	2.54653729871645	0.74728340582118	11
fLOH_SPON2	0.897297249815547	1.14897626222718	0.999561539553054	10
rLOH_SPON2	0.290284546616225	2.33566453737395	0.953493574090414	9
fLOH_ST20	0.00536365905147648	5.82401733113538	0.165757556425966	11
rLOH_ST20	0.997748775414505	1.54698521579778e-08	0.999478061477577	8
fLOH_STON2	0.134310470091893	2.78124861413816	0.834138708991757	15
rLOH_STON2	0.944094566073726	1.06100644668137	0.999478061477577	13
fLOH_STRN3	0.457865317581415	2.25500060041439	0.999561539553054	7
rLOH_STRN3	0.765769652069992	0.726999470262226	0.999478061477577	12
fLOH_SYNE2	0.998674982590702	9.90343989783914e-09	0.999561539553054	6
rLOH_SYNE2	0.99810561895338	9.99738648496485e-09	0.999478061477577	15
fLOH_SYTL3	0.426027463405324	1.9381432148823	0.999561539553054	10
rLOH_SYTL3	0.99788472630245	3.81694680051038e-08	0.999478061477577	8
fLOH_TBC1D26	0.88130513362747	0.852196983783545	0.999561539553054	14
rLOH_TBC1D26	0.997721655479415	9.80808587312258e-08	0.999478061477577	9
fLOH_TBX4	0.00687258993314852	6.03805269463977	0.165757556425966	10
rLOH_TBX4	0.348156190160994	0.359073321340647	0.960508122086984	11
fLOH_TCL1B	0.521198107096412	0.496290839782835	0.999561539553054	12
rLOH_TCL1B	0.704676886194603	0.66461675340584	0.999478061477577	12
fLOH_TEKT1	0.650260895990546	1.60595658800964	0.999561539553054	8
rLOH_TEKT1	0.307255207676334	1.97526752319224	0.953493574090414	10
fLOH_TEP1	0.0395098190439213	5.43956695829417	0.453576839322463	11
rLOH_TEP1	0.0022469293044834	9.0498875979387	0.120440589140257	11
fLOH_TGM4	0.64302497759243	0.608010323696493	0.999561539553054	16
rLOH_TGM4	0.50485111891723	1.54696142054795	0.999478061477577	13
fLOH_THBS4	NA	NA	NA	1
rLOH_THBS4	0.386039453755367	0.396361559585502	0.991543941221152	13
fLOH_THUMPD3	0.997941888161332	3.3161389080638e-08	0.999561539553054	7
rLOH_THUMPD3	0.760517986101364	1.28632873300745	0.999478061477577	11
fLOH_TLR10	0.00683563679481398	6.4647684201054	0.165757556425966	11
rLOH_TLR10	0.74260842748001	1.43342390934198	0.999478061477577	8
fLOH_TLR3	0.997756538041235	2.86348452831358e-07	0.999561539553054	3
rLOH_TLR3	0.982639889575165	1.02349416610218	0.999478061477577	11
fLOH_TMEM156	0.0410017256499634	4.37716767149371	0.453576839322463	11
rLOH_TMEM156	0.863220893563804	1.1993286076113	0.999478061477577	9
fLOH_TMEM171	0.530101607957402	1.95823906790679	0.999561539553054	6
rLOH_TMEM171	0.997771850398905	3.10604226408021e-08	0.999478061477577	10
fLOH_TMEM43	0.00421224037762191	5.38354003552882	0.165757556425966	10
rLOH_TMEM43	0.637923810684815	1.65023812057029	0.999478061477577	11
fLOH_TNFRSF10D	0.736047831893927	1.45059718565037	0.999561539553054	5
rLOH_TNFRSF10D	0.0870408307285088	3.16856181484574	0.549731562495845	12
fLOH_TNK1	0.997769417741443	2.28999559728461e-08	0.999561539553054	6
rLOH_TNK1	0.13990916710739	3.21034481791399	0.727818639074073	10
fLOH_TOPAZ1	0.0196969354921379	4.72781801091304	0.30989845174297	13
rLOH_TOPAZ1	0.0108963073939734	9.17140056935842	0.217926147879468	6
fLOH_TRIM9	0.285555803863006	2.06572369026471	0.996553177197004	14
rLOH_TRIM9	0.997783666038202	9.95825327111097e-09	0.999478061477577	9
fLOH_TRIP11	0.405199097219275	1.94267223619358	0.999561539553054	14
rLOH_TRIP11	0.117310193791817	3.03034887077915	0.670343964524669	12
fLOH_TTC29	0.99784720390069	2.69551654581924e-09	0.999561539553054	11
rLOH_TTC29	0.998471204846047	2.2770185920408e-09	0.999478061477577	12
fLOH_TTLL5	0.0311797554821662	5.87297693705419	0.408801238543957	4
rLOH_TTLL5	0.997753494799878	1.47785357608179e-09	0.999478061477577	14
fLOH_TTLL6	0.774974432399656	0.743404480664134	0.999561539553054	13
rLOH_TTLL6	0.702760537591441	1.50265249400709	0.999478061477577	5
fLOH_T	0.997160025185247	9.0241175465883e-08	0.999561539553054	4
rLOH_T	0.862478995767973	1.16606880977467	0.999478061477577	11
fLOH_TTYH2	0.997029829093497	3.15135253002852e-08	0.999561539553054	15
rLOH_TTYH2	0.902345564274389	1.10498050776523	0.999478061477577	15
fLOH_UBE2O	0.816069571568672	0.848840025310982	0.999561539553054	17
rLOH_UBE2O	0.520868778499358	1.69105529429493	0.999478061477577	14
fLOH_UBR4	0.00578896378667529	11.1526858505769	0.165757556425966	3
rLOH_UBR4	0.312347189568083	2.34733986827269	0.953493574090414	12
fLOH_ULK3	0.202610862915905	2.8460808087754	0.937571836238306	11
rLOH_ULK3	0.00845036541744316	8.5510421613366	0.217926147879468	7
fLOH_USH1C	0.420484250953448	2.37422691769341	0.999561539553054	4
rLOH_USH1C	0.252579361077745	2.09907354661055	0.946604249325915	10
fLOH_UTP6	0.999488367620368	1.00067781156221	0.999561539553054	9
rLOH_UTP6	0.754633017039109	1.40159813717488	0.999478061477577	13
fLOH_VDR	0.820263286554923	1.27193054416763	0.999561539553054	12
rLOH_VDR	0.409011875753725	2.45604554156669	0.991543941221152	7
fLOH_XYLB	0.334109907020981	2.12127562862269	0.999561539553054	12
rLOH_XYLB	0.997991081918362	3.03661555636976e-08	0.999478061477577	6
fLOH_ZCCHC14	0.997646302613134	1.15192194845657e-08	0.999561539553054	8
rLOH_ZCCHC14	0.6647252304148	1.59404508152068	0.999478061477577	10
fLOH_ZNF142	0.369701854620476	2.05870051048469	0.999561539553054	10
rLOH_ZNF142	0.997341199986044	2.78569549126967e-07	0.999478061477577	3
fLOH_ZNF286A	0.28062679289088	0.319171037103216	0.996553177197004	15
rLOH_ZNF286A	0.142531150152006	0.195098366348341	0.727818639074073	11
fLOH_ZNF502	0.150151710008847	3.11899925196255	0.865307233176431	16
rLOH_ZNF502	0.00250917894042203	6.90703540846644	0.120440589140257	13
fLOH_ZNF592	0.174464610579316	0.214246492012424	0.895079306450404	10
rLOH_ZNF592	0.157234974799048	4.57790149925341	0.739929293171991	7
fLOH_ZNF79	0.997797818002151	3.3747734215134e-08	0.999561539553054	5
rLOH_ZNF79	0.448737980603373	0.515720653352319	0.999478061477577	10
